5.199/(6.030)
108.5/18
8.
6+9+3+4+8+6
9.
b<--5/10
a<-30-b*15
24